0 0 1
0.0314159 0.0314108 0.999508
0.0628319 0.0627906 0.998029
0.0942478 0.0941086 0.995565
0.125664 0.125334 0.992119
0.15708 0.156435 0.987693
0.188496 0.187382 0.982293
0.219911 0.218145 0.975924
0.251327 0.248692 0.968591
0.282743 0.278994 0.960302
0.314159 0.30902 0.951066
0.345575 0.338742 0.940891
0.376991 0.368129 0.929787
0.408407 0.397153 0.917766
0.439823 0.425785 0.90484
0.471239 0.453997 0.89102
0.502655 0.481761 0.876321
0.534071 0.50905 0.860756
0.565487 0.535836 0.844343
0.596903 0.562094 0.827096
0.628319 0.587797 0.809033
0.659734 0.61292 0.790171
0.69115 0.637438 0.77053
0.722566 0.661327 0.750128
0.753982 0.684563 0.728986
0.785398 0.707124 0.707124
0.816814 0.728987 0.684565
0.84823 0.750131 0.661329
0.879646 0.770535 0.637442
0.911062 0.790178 0.612925
0.942478 0.809041 0.587803
0.973894 0.827106 0.562101
1.00531 0.844355 0.535844
1.03673 0.86077 0.509058
1.06814 0.876336 0.48177
1.09956 0.891037 0.454006
1.13097 0.904859 0.425794
1.16239 0.917788 0.397162
1.19381 0.929811 0.368138
1.22522 0.940917 0.338751
1.25664 0.951094 0.309029
1.28805 0.960333 0.279002
1.31947 0.968623 0.2487
1.35088 0.975958 0.218153
1.3823 0.98233 0.187389
1.41372 0.987732 0.156441
1.44513 0.99216 0.125339
1.47655 0.995608 0.0941127
1.50796 0.998074 0.0627935
1.53938 0.999555 0.0314123
1.5708 1.00005 2.06718e-09
1.60221 0.999557 -0.0314123
1.63363 0.998078 -0.0627937
1.66504 0.995614 -0.0941132
1.69646 0.992168 -0.12534
1.72788 0.987742 -0.156443
1.75929 0.982342 -0.187392
1.79071 0.975972 -0.218156
1.82212 0.968639 -0.248704
1.85354 0.96035 -0.279007
1.88496 0.951113 -0.309035
1.91637 0.940937 -0.338758
1.94779 0.929833 -0.368147
1.9792 0.917812 -0.397173
2.01062 0.904884 -0.425806
2.04204 0.891064 -0.45402
2.07345 0.876364 -0.481785
2.10487 0.860799 -0.509075
2.13628 0.844385 -0.535863
2.1677 0.827137 -0.562122
2.19911 0.809073 -0.587826
2.23053 0.79021 -0.61295
2.26195 0.770568 -0.637469
2.29336 0.750165 -0.66136
2.32478 0.729022 -0.684597
2.35619 0.707159 -0.707159
2.38761 0.684598 -0.729023
2.41903 0.661362 -0.750168
2.45044 0.637473 -0.770573
2.48186 0.612955 -0.790217
2.51327 0.587832 -0.809081
2.54469 0.562128 -0.827147
2.57611 0.53587 -0.844396
2.60752 0.509083 -0.860813
2.63894 0.481794 -0.876379
2.67035 0.454029 -0.891081
2.70177 0.425815 -0.904904
2.73319 0.397182 -0.917833
2.7646 0.368157 -0.929857
2.79602 0.338768 -0.940963
2.82743 0.309044 -0.951141
2.85885 0.279016 -0.96038
2.89027 0.248712 -0.968671
2.92168 0.218163 -0.976006
2.9531 0.187399 -0.982378
2.98451 0.156449 -0.987781
3.01593 0.125345 -0.992209
3.04734 0.0941173 -0.995657
3.07876 0.0627966 -0.998123
3.11018 0.0314138 -0.999604
3.14159 4.13457e-09 -1.0001
3.17301 -0.0314139 -0.999606
3.20442 -0.0627968 -0.998127
3.23584 -0.0941179 -0.995663
3.26726 -0.125346 -0.992217
3.29867 -0.156451 -0.987791
3.33009 -0.187401 -0.98239
3.3615 -0.218166 -0.97602
3.39292 -0.248716 -0.968686
3.42434 -0.279021 -0.960397
3.45575 -0.309051 -0.95116
3.48717 -0.338775 -0.940984
3.51858 -0.368165 -0.929879
3.55 -0.397192 -0.917857
3.58142 -0.425827 -0.904929
3.61283 -0.454042 -0.891108
3.64425 -0.481809 -0.876407
3.67566 -0.5091 -0.860841
3.70708 -0.535889 -0.844426
3.7385 -0.562149 -0.827178
3.76991 -0.587855 -0.809113
3.80133 -0.61298 -0.790249
3.83274 -0.637501 -0.770606
3.86416 -0.661392 -0.750202
3.89557 -0.684631 -0.729058
3.92699 -0.707194 -0.707194
3.95841 -0.729059 -0.684632
3.98982 -0.750205 -0.661395
4.02124 -0.770611 -0.637505
4.05265 -0.790256 -0.612985
4.08407 -0.809121 -0.587861
4.11549 -0.827188 -0.562156
4.1469 -0.844438 -0.535897
4.17832 -0.860855 -0.509108
4.20973 -0.876423 -0.481817
4.24115 -0.891125 -0.454051
4.27257 -0.904949 -0.425836
4.30398 -0.917879 -0.397202
4.3354 -0.929903 -0.368175
4.36681 -0.94101 -0.338784
4.39823 -0.951188 -0.30906
4.42965 -0.960427 -0.27903
4.46106 -0.968719 -0.248725
4.49248 -0.976055 -0.218174
4.52389 -0.982427 -0.187408
4.55531 -0.98783 -0.156457
4.58673 -0.992258 -0.125351
4.61814 -0.995706 -0.094122
4.64956 -0.998173 -0.0627997
4.68097 -0.999654 -0.0314154
4.71239 -1.00015 -6.20217e-09
4.7438 -0.999656 0.0314154
4.77522 -0.998176 0.0627999
4.80664 -0.995712 0.0941225
4.83805 -0.992266 0.125352
4.86947 -0.987839 0.156458
4.90088 -0.982439 0.18741
4.9323 -0.976068 0.218177
4.96372 -0.968734 0.248729
4.99513 -0.960444 0.279035
5.02655 -0.951207 0.309066
5.05796 -0.94103 0.338792
5.08938 -0.929925 0.368183
5.1208 -0.917902 0.397212
5.15221 -0.904974 0.425848
5.18363 -0.891152 0.454064
5.21504 -0.87645 0.481833
5.24646 -0.860884 0.509125
5.27788 -0.844468 0.535916
5.30929 -0.827219 0.562177
5.34071 -0.809153 0.587884
5.37212 -0.790288 0.61301
5.40354 -0.770644 0.637532
5.43496 -0.750239 0.661425
5.46637 -0.729094 0.684665
5.49779 -0.707229 0.707229
5.5292 -0.684666 0.729095
5.56062 -0.661427 0.750242
5.59203 -0.637536 0.770649
5.62345 -0.613015 0.790295
5.65487 -0.58789 0.809161
5.68628 -0.562184 0.827228
5.7177 -0.535923 0.84448
5.74911 -0.509133 0.860897
5.78053 -0.481841 0.876466
5.81195 -0.454073 0.891169
5.84336 -0.425857 0.904993
5.87478 -0.397221 0.917924
5.90619 -0.368193 0.929949
5.93761 -0.338801 0.941056
5.96903 -0.309075 0.951235
6.00044 -0.279044 0.960475
6.03186 -0.248737 0.968767
6.06327 -0.218185 0.976103
6.09469 -0.187417 0.982475
6.12611 -0.156465 0.987878
6.15752 -0.125357 0.992307
6.18894 -0.0941266 0.995756
6.22035 -0.0628028 0.998222
6.25177 -0.0314169 0.999703
6.28319 -8.26997e-09 1.0002
